from qgis.core import (
    QgsVectorLayer,
    QgsFeature,
    QgsGeometry,
    QgsPointXY,
    QgsProject,
    QgsField
)
from PyQt5.QtCore import QVariant

# =========================
# LISTA COMPLETA DE COORDENADAS
# Formato: (Latitud, Longitud)
# =========================

coords = [
(2.701230911,-75.4949994),
(2.941076152,-75.2997231),
(2.616106398,-75.4084067),
(2.926420198,-75.2881215),
(2.584118106,-75.4523558),
(2.758581196,-75.2378539),
(3.337497425,-75.1923741),
(2.932196378,-75.2897495),
(2.893474041,-75.2687048),
(2.889442891,-75.4348047),
(2.958876209,-75.3109899),
(2.907343305,-75.2707328),
(2.925936619,-75.292202),
(2.915553344,-75.3173478),
(2.933988081,-75.2477221),
(2.551980377,-75.462715),
(2.904818753,-75.2776578),
(2.579260645,-75.4444112),
(3.176858703,-75.2218075),
(2.911972131,-75.3277324),
(2.91903572,-75.3258184),
(2.944310158,-75.2922371),
(2.947392483,-75.2928598),
(2.597531066,-75.4691587),
(2.661340323,-75.4032098),
(3.076215801,-75.3243275),
(3.226287475,-75.2389523),
(2.920831257,-75.3214259),
(2.58973679,-75.5710789),
(2.851326486,-75.3332635),
(2.986868837,-75.2758948),
(2.785253555,-75.5203538),
(2.607303686,-75.4775091),
(2.875583858,-75.3068613),
(2.862259257,-75.2839007),
(2.826715053,-75.3012208),
(2.691721016,-75.3213541),
(2.709693834,-75.3118518),
(2.688431562,-75.4308838),
(2.950914207,-75.2875511),
(2.95164933,-75.3088442),
(2.962012204,-75.279179),
(2.809495167,-75.3293163),
(2.832215696,-75.3486597),
(2.905692288,-75.3274986),
(2.851217103,-75.3033308),
(2.904373488,-75.2825771),
(3.347076589,-75.1137983),
(2.99628967,-75.1564188),
(2.890596137,-75.357089),
(2.96453574,-75.3107046),
(2.219317188,-75.5837027),
(1.843210487,-76.0913079),
(2.611306464,-75.4357349),
(2.899189197,-75.2793163),
(2.938634773,-75.2929361),
(3.078649865,-75.292978),
(2.855098053,-75.3010552),
(3.053473975,-75.2463374),
(2.961036641,-75.2739014),
(2.932844669,-75.3090005),
(2.860878046,-75.2738647),
(2.961197016,-75.2729333),
(2.151630824,-75.6895386),
(2.930989999,-75.281542),
(2.9031146,-75.2839222),
(2.854567861,-75.283874),
(2.935290445,-75.1724468),
(2.818905447,-75.3288413),
(2.933499072,-75.2463988),
(2.861871599,-75.2919855),
(2.894356784,-75.2829787),
(2.913742514,-75.2749401),
(3.166409566,-75.2849723),
(2.970763621,-75.3093211),
(2.890767965,-75.4317437),
(2.9255414,-75.2880056),
(2.194439041,-75.6404551),
(2.956073951,-75.3087814),
(3.186402215,-75.2345508),
(2.812049868,-75.3512987),
(2.526395999,-75.3185316),
(2.885890943,-75.3074761),
(2.912389967,-75.2852423),
(2.650392439,-75.3739706),
(2.836473206,-75.2898999),
(3.260919591,-75.2414327),
(2.779595462,-75.2605598),
(2.775238022,-75.2652779),
(2.966942809,-75.2983183),
(2.932251616,-75.3140355),
(2.395599142,-75.8802088),
(2.801484768,-75.2972487),
(2.926863152,-75.2873834),
(2.896371237,-75.2825384),
(2.953436918,-75.2976413),
(2.94986736,-75.2984589),
(2.810642582,-75.1628431),
(2.977451477,-75.3068944),
(2.411848164,-75.8797318),
(2.885539138,-75.367856),
(2.847234122,-75.3094661),
(2.950790551,-75.2876749),
(2.951481119,-75.2878696),
(2.89441982,-75.3344883),
(2.912153447,-75.2700425),
(2.920652532,-75.3215122),
(2.908355488,-75.2847011),
(2.917029338,-75.2705642),
(2.19731011,-75.6268862),
(2.926706055,-75.2871946),
(2.940703956,-75.3020769),
(3.069020922,-75.1377132),
(2.852590246,-75.3396709),
(2.932383748,-75.2534194),
(2.996093826,-75.305712),
(2.924452843,-75.3169064),
(3.11514048,-75.2661513),
(2.581780265,-75.4387841),
(2.893332864,-75.3329929),
(2.922668545,-75.2751228),
(2.962709158,-75.2770163),
(2.916642787,-75.282843),
(2.986767944,-75.276703),
(2.547964503,-75.4592182),
(2.959241898,-75.3069672),
(2.961484973,-75.2983236),
(3.191928876,-75.2451001),
(2.95066932,-75.2877963),
(2.89744549,-75.2808039),
(2.18689297,-75.6242556),
(2.907991048,-75.2787479),
(2.692842129,-75.4328946),
(2.931041751,-75.2641837),
(3.114381104,-75.307236),
(2.386154122,-75.9047933),
(2.893341902,-75.2826641),
(2.916937978,-75.2677315),
(2.679304919,-75.3344659),
(2.927496019,-75.2864669),
(2.930714694,-75.2947404),
(2.930569118,-75.2914322),
(2.93029164,-75.254159),
(2.938945905,-75.2446761),
(2.910238701,-75.2813643),
(2.952481346,-75.3129471),
(3.040628858,-75.2457097),
(2.864222927,-75.2383936),
(2.694410487,-75.4284697),
(2.917420157,-75.2862945),
(2.856030302,-75.2852304),
(2.853472751,-75.2872086),
(2.255333642,-75.7728091),
(3.392562071,-75.2034057),
(2.927161844,-75.3158547),
(2.684088469,-75.3243316),
(2.958870635,-75.2869494),
(2.959168462,-75.3088341),
(3.052376059,-75.2461172),
(2.93123769,-75.2816161),
(2.897051737,-75.2769568),
(2.955733698,-75.278696),
(2.949735914,-75.2881856),
(2.899934069,-75.2813374),
(2.893382317,-75.2792594),
(2.927208204,-75.286758),
(2.923478269,-75.2859246),
(2.89519622,-75.2824752),
(2.928282039,-75.2796725),
(2.976322222,-75.2822234),
(2.964096372,-75.2907064),
(3.027406606,-75.2522636),
(2.973946106,-75.2829357),
(2.937260935,-75.24633),
(2.838071954,-75.3100326),
(2.935910856,-75.2882956),
(2.792654388,-75.297845),
(2.934701863,-75.2851914),
(2.898743807,-75.2778593),
(3.193024968,-75.2444715),
(2.668366108,-75.5185753),
(2.92413118,-75.290633),
(2.778955721,-75.2566217),
(2.908505188,-75.2717283),
(2.821563248,-75.3451754),
(3.224146046,-75.2233988),
(2.888287142,-75.4350124),
(2.936603006,-75.2896197),
(2.943860134,-75.3124032),
(2.927371947,-75.2734769),
(3.050773751,-75.2531169),
(2.924619142,-75.3175546),
(2.94582639,-75.2422245),
(2.521542657,-75.3302358),
(2.937165072,-75.2441589),
(2.209489096,-76.0239398),
(3.262843464,-75.2424473),
(2.778766673,-75.2568594),
(2.938049608,-75.2695059),
(2.93884507,-75.2426895),
(2.545465581,-75.4494334),
(2.998522253,-75.2376351),
(2.88968894,-75.4350047),
(2.924997744,-75.2907358),
(2.941651512,-75.2479026),
(2.95768797,-75.3068894),
(2.917717628,-75.2821315),
(2.191159095,-75.6189336),
(3.053872709,-75.2314989),
(2.310853825,-75.7645918),
(2.967970675,-75.267244),
(2.957772831,-75.3118653),
(2.810189562,-75.1624214),
(2.929437318,-75.2900627),
(2.943386341,-75.2725385),
(2.980092311,-75.2811574),
(2.05261119,-75.9155907),
(2.934676405,-75.29053),
(2.944124037,-75.2930768),
(2.524298277,-75.3151143),
(2.690943566,-75.4340154),
(2.950885112,-75.2877502),
(2.974471569,-75.270629),
(2.936018863,-75.293864),
(2.819502919,-75.3402627),
(2.921734871,-75.2887621),
(2.903570748,-75.2831228),
(2.974025505,-75.285296),
(2.798056072,-75.2993274),
(2.930631128,-75.2643621),
(3.063315503,-75.1378798),
(2.959811961,-75.2853556),
(2.951014922,-75.287633),
(2.971474255,-75.2865226),
(2.931966342,-75.2930077),
(3.220494706,-75.2366183),
(2.977846416,-75.2815489),
(2.970538002,-75.285129),
(2.951119118,-75.2877284),
(2.92838865,-75.2944781),
(2.916691667,-75.2859808),
(2.893108288,-75.2807388),
(1.905717704,-75.7243533),
(2.197141451,-75.6400747),
(2.939333583,-75.2990038),
(2.939143508,-75.2427626),
(2.886860614,-75.2516987),
(2.97629775,-75.274172),
(2.913330577,-75.280734),
(2.97563889,-75.2824317),
(2.928188682,-75.276665),
(2.954067863,-75.3074801),
(2.475913968,-75.9601288),
(2.949839148,-75.2883296),
(2.931487548,-75.2764101),
(2.931833906,-75.2981351),
(2.927630882,-75.2870581),
(2.917217497,-75.2824576),
(2.900746625,-75.2821253),
(2.241517196,-75.546637),
(2.927076319,-75.2867118),
(2.812085631,-75.1658931),
(2.959017716,-75.287598),
(1.86913533,-75.8637576),
(2.246575869,-75.8371291)
]

# =========================
# CREAR CAPA
# =========================

layer = QgsVectorLayer("Point?crs=EPSG:4326", "Puntos_Masivos", "memory")
provider = layer.dataProvider()

provider.addAttributes([QgsField("ID", QVariant.Int)])
layer.updateFields()

features = []

for i, (lat, lon) in enumerate(coords):
    feat = QgsFeature()
    feat.setGeometry(QgsGeometry.fromPointXY(QgsPointXY(lon, lat)))
    feat.setAttributes([i+1])
    features.append(feat)

provider.addFeatures(features)
layer.updateExtents()

QgsProject.instance().addMapLayer(layer)

print("Capa creada con", len(coords), "puntos")
